S{cmatch-ideaid-query}:{223-13181780074-啊}	-0.0332854	2867459262854924775	-0.0332854
S{cmatch-wmatch-userid}:{223-63-3719609}	0.00589582	12821623763963911117	0.00589582
S{ideaid-QueryBigram}:{13248478506-好吃的}	-0.00265407	5140509881712111694	-0.00265407
S{ideaid-QueryUnigram}:{11076564262-苏州}	-0.0574304	6288571459141214854	-0.0574304
S{query-title}:{小本创业网-致富加盟，2016创业商机，加盟%2E%2E}	-0.557686	833106328559126469	-0.557686
S{pid-userid}:{14-20124948}	-0.0539823	14169195007169052699	-0.0539823
S{cmatch-wmatch-userid}:{222-63-21488553}	-0.00232803	273784283302336321	-0.00232803
S{QueryBigram}:{雪铁龙c3}	0.0000001630	15195383742046422654	0.0000001630
S{QueryUnigram}:{二十七}	0.0760074	14968877606841799011	0.0760074
S{wmatch-userid}:{31-18889528}	-0.0543666	2245431993268592704	-0.0543666
